#?RADIANCE
/Users/marenhaid/anaconda3/envs/daylight_class/lib/python3.11/site-packages/pyradiance/bin/dctimestep /Users/marenhaid/Trainings/2019_RadianceWorkshop_David/3PM_notebook/files/matrices/tmp.vmx /Users/marenhaid/Trainings/2019_RadianceWorkshop_David/3PM_notebook/files/BSDF/AR92S_-1.xml /Users/marenhaid/Trainings/2019_RadianceWorkshop_David/3PM_notebook/files/matrices/seminarraum.dmx /Users/marenhaid/Trainings/2019_RadianceWorkshop_David/3PM_notebook/files/weather/IBK_sky_day02.smx
CAPDATE= 2024:06:16 18:45:00
GMT= 2024:06:16 16:45:00
NROWS=20
NCOLS=29
NCOMP=3
FORMAT=ascii

0.000000e+00 0.000000e+00 0.000000e+00	0.000000e+00 0.000000e+00 0.000000e+00	0.000000e+00 0.000000e+00 0.000000e+00	0.000000e+00 0.000000e+00 0.000000e+00	0.000000e+00 0.000000e+00 0.000000e+00	1.284033e+00 1.433651e+00 1.688161e+00	5.476213e+00 6.087989e+00 7.161937e+00	5.970464e+00 6.648335e+00 7.811489e+00	6.681529e+00 7.442379e+00 8.725341e+00	6.918744e+00 7.701610e+00 9.004389e+00	6.882138e+00 7.676517e+00 8.983457e+00	7.130581e+00 7.995056e+00 9.414849e+00	7.817108e+00 8.811097e+00 1.041261e+01	8.621998e+00 9.744796e+00 1.160294e+01	9.489971e-01 1.082608e+00 1.312239e+00	1.125760e+00 1.275458e+00 1.536858e+00	3.103806e+00 3.476903e+00 4.148388e+00	2.701769e+00 3.029374e+00 3.613703e+00	2.219245e+00 2.478569e+00 2.949990e+00	6.646286e-01 7.566380e-01 9.167479e-01	8.330857e-01 9.253580e-01 1.096416e+00	0.000000e+00 0.000000e+00 0.000000e+00	0.000000e+00 0.000000e+00 0.000000e+00	0.000000e+00 0.000000e+00 0.000000e+00	0.000000e+00 0.000000e+00 0.000000e+00	0.000000e+00 0.000000e+00 0.000000e+00	0.000000e+00 0.000000e+00 0.000000e+00	0.000000e+00 0.000000e+00 0.000000e+00	0.000000e+00 0.000000e+00 0.000000e+00
0.000000e+00 0.000000e+00 0.000000e+00	0.000000e+00 0.000000e+00 0.000000e+00	0.000000e+00 0.000000e+00 0.000000e+00	0.000000e+00 0.000000e+00 0.000000e+00	0.000000e+00 0.000000e+00 0.000000e+00	1.568940e+00 1.730951e+00 2.015997e+00	6.206092e+00 6.830793e+00 7.957731e+00	7.040345e+00 7.755152e+00 9.018530e+00	7.984892e+00 8.795749e+00 1.020610e+01	8.278406e+00 9.113423e+00 1.054742e+01	8.283031e+00 9.134611e+00 1.057748e+01	8.675452e+00 9.606614e+00 1.118675e+01	9.621105e+00 1.069806e+01 1.249631e+01	1.077279e+01 1.198728e+01 1.408484e+01	1.154689e+00 1.301278e+00 1.560212e+00	1.401252e+00 1.566273e+00 1.863913e+00	3.932748e+00 4.342127e+00 5.109415e+00	3.423332e+00 3.783234e+00 4.450865e+00	2.811972e+00 3.095366e+00 3.633382e+00	8.981526e-01 1.003516e+00 1.194874e+00	1.002900e+00 1.100299e+00 1.288104e+00	0.000000e+00 0.000000e+00 0.000000e+00	0.000000e+00 0.000000e+00 0.000000e+00	0.000000e+00 0.000000e+00 0.000000e+00	0.000000e+00 0.000000e+00 0.000000e+00	0.000000e+00 0.000000e+00 0.000000e+00	0.000000e+00 0.000000e+00 0.000000e+00	0.000000e+00 0.000000e+00 0.000000e+00	0.000000e+00 0.000000e+00 0.000000e+00
0.000000e+00 0.000000e+00 0.000000e+00	0.000000e+00 0.000000e+00 0.000000e+00	0.000000e+00 0.000000e+00 0.000000e+00	0.000000e+00 0.000000e+00 0.000000e+00	0.000000e+00 0.000000e+00 0.000000e+00	2.095586e+00 2.279479e+00 2.621032e+00	7.592690e+00 8.258241e+00 9.508616e+00	9.017179e+00 9.804583e+00 1.126640e+01	1.038055e+01 1.128382e+01 1.293779e+01	1.077437e+01 1.170668e+01 1.339221e+01	1.092359e+01 1.188302e+01 1.359404e+01	1.177332e+01 1.283904e+01 1.474939e+01	1.323471e+01 1.445891e+01 1.664294e+01	1.546264e+01 1.687397e+01 1.949256e+01	1.532945e+00 1.701420e+00 2.011435e+00	1.929121e+00 2.120419e+00 2.483611e+00	5.614279e+00 6.094515e+00 7.051833e+00	4.887047e+00 5.310069e+00 6.142929e+00	4.014319e+00 4.344595e+00 5.014653e+00	1.409024e+00 1.539068e+00 1.792861e+00	1.322805e+00 1.431177e+00 1.651834e+00	0.000000e+00 0.000000e+00 0.000000e+00	0.000000e+00 0.000000e+00 0.000000e+00	0.000000e+00 0.000000e+00 0.000000e+00	0.000000e+00 0.000000e+00 0.000000e+00	0.000000e+00 0.000000e+00 0.000000e+00	0.000000e+00 0.000000e+00 0.000000e+00	0.000000e+00 0.000000e+00 0.000000e+00	0.000000e+00 0.000000e+00 0.000000e+00
0.000000e+00 0.000000e+00 0.000000e+00	0.000000e+00 0.000000e+00 0.000000e+00	0.000000e+00 0.000000e+00 0.000000e+00	0.000000e+00 0.000000e+00 0.000000e+00	0.000000e+00 0.000000e+00 0.000000e+00	2.983830e+00 3.202338e+00 3.639675e+00	9.472936e+00 1.019526e+01 1.161803e+01	1.210895e+01 1.300706e+01 1.478632e+01	1.428367e+01 1.533092e+01 1.739476e+01	1.489523e+01 1.598241e+01 1.809871e+01	1.549178e+01 1.662902e+01 1.882083e+01	1.773313e+01 1.904507e+01 2.160416e+01	2.059437e+01 2.213347e+01 2.513727e+01	2.561910e+01 2.741941e+01 3.112075e+01	2.199126e+00 2.396525e+00 2.783967e+00	2.945626e+00 3.179322e+00 3.659295e+00	8.763362e+00 9.372685e+00 1.068133e+01	7.628217e+00 8.166296e+00 9.304625e+00	6.266001e+00 6.681510e+00 7.595627e+00	2.587811e+00 2.769387e+00 3.160148e+00	1.815826e+00 1.941320e+00 2.213219e+00	0.000000e+00 0.000000e+00 0.000000e+00	0.000000e+00 0.000000e+00 0.000000e+00	0.000000e+00 0.000000e+00 0.000000e+00	0.000000e+00 0.000000e+00 0.000000e+00	0.000000e+00 0.000000e+00 0.000000e+00	0.000000e+00 0.000000e+00 0.000000e+00	0.000000e+00 0.000000e+00 0.000000e+00	0.000000e+00 0.000000e+00 0.000000e+00
0.000000e+00 0.000000e+00 0.000000e+00	0.000000e+00 0.000000e+00 0.000000e+00	0.000000e+00 0.000000e+00 0.000000e+00	0.000000e+00 0.000000e+00 0.000000e+00	0.000000e+00 0.000000e+00 0.000000e+00	3.576903e+00 3.811705e+00 4.307352e+00	9.139980e+00 9.801576e+00 1.113662e+01	1.334031e+01 1.424403e+01 1.611720e+01	1.648755e+01 1.758155e+01 1.984739e+01	1.748415e+01 1.863395e+01 2.099989e+01	1.946484e+01 2.070774e+01 2.323775e+01	3.031607e+01 3.183730e+01 3.496456e+01	5.455923e+01 5.632011e+01 5.987962e+01	3.871381e+01 4.069289e+01 4.497938e+01	3.144368e+00 3.373545e+00 3.859797e+00	4.258121e+00 4.539684e+00 5.161067e+00	1.073172e+01 1.140560e+01 1.291259e+01	9.341601e+00 9.937552e+00 1.124830e+01	7.673431e+00 8.130720e+00 9.182300e+00	4.044888e+00 4.286756e+00 4.842330e+00	1.807222e+00 1.925380e+00 2.187669e+00	0.000000e+00 0.000000e+00 0.000000e+00	0.000000e+00 0.000000e+00 0.000000e+00	0.000000e+00 0.000000e+00 0.000000e+00	0.000000e+00 0.000000e+00 0.000000e+00	0.000000e+00 0.000000e+00 0.000000e+00	0.000000e+00 0.000000e+00 0.000000e+00	0.000000e+00 0.000000e+00 0.000000e+00	0.000000e+00 0.000000e+00 0.000000e+00
0.000000e+00 0.000000e+00 0.000000e+00	0.000000e+00 0.000000e+00 0.000000e+00	0.000000e+00 0.000000e+00 0.000000e+00	0.000000e+00 0.000000e+00 0.000000e+00	0.000000e+00 0.000000e+00 0.000000e+00	1.363715e+00 1.519050e+00 1.784748e+00	5.803806e+00 6.437134e+00 7.554391e+00	6.368369e+00 7.074411e+00 8.293576e+00	7.155474e+00 7.950378e+00 9.300798e+00	7.445075e+00 8.267672e+00 9.645215e+00	7.476889e+00 8.318981e+00 9.714252e+00	7.887304e+00 8.818041e+00 1.036217e+01	8.898871e+00 9.998292e+00 1.178515e+01	1.083793e+01 1.218937e+01 1.442926e+01	8.843076e-01 1.009391e+00 1.224095e+00	1.061375e+00 1.202880e+00 1.449899e+00	3.323451e+00 3.714195e+00 4.421422e+00	2.892962e+00 3.236124e+00 3.851547e+00	2.376301e+00 2.647729e+00 3.144145e+00	7.447067e-01 8.441797e-01 1.018790e+00	8.433041e-01 9.349294e-01 1.105652e+00	0.000000e+00 0.000000e+00 0.000000e+00	0.000000e+00 0.000000e+00 0.000000e+00	0.000000e+00 0.000000e+00 0.000000e+00	0.000000e+00 0.000000e+00 0.000000e+00	0.000000e+00 0.000000e+00 0.000000e+00	0.000000e+00 0.000000e+00 0.000000e+00	0.000000e+00 0.000000e+00 0.000000e+00	0.000000e+00 0.000000e+00 0.000000e+00
0.000000e+00 0.000000e+00 0.000000e+00	0.000000e+00 0.000000e+00 0.000000e+00	0.000000e+00 0.000000e+00 0.000000e+00	0.000000e+00 0.000000e+00 0.000000e+00	0.000000e+00 0.000000e+00 0.000000e+00	1.673537e+00 1.841832e+00 2.140188e+00	6.634772e+00 7.282825e+00 8.460980e+00	7.564313e+00 8.310222e+00 9.641139e+00	8.617745e+00 9.467496e+00 1.096055e+01	8.995856e+00 9.877837e+00 1.140632e+01	9.131617e+00 1.004317e+01 1.160318e+01	9.865085e+00 1.089106e+01 1.264972e+01	1.140244e+01 1.263645e+01 1.470767e+01	1.389456e+01 1.538092e+01 1.795762e+01	1.063268e+00 1.200752e+00 1.442538e+00	1.324557e+00 1.481288e+00 1.763692e+00	4.235137e+00 4.663956e+00 5.474249e+00	3.686551e+00 4.063639e+00 4.768677e+00	3.028192e+00 3.324789e+00 3.892817e+00	1.015038e+00 1.129271e+00 1.339130e+00	1.022937e+00 1.119879e+00 1.308053e+00	0.000000e+00 0.000000e+00 0.000000e+00	0.000000e+00 0.000000e+00 0.000000e+00	0.000000e+00 0.000000e+00 0.000000e+00	0.000000e+00 0.000000e+00 0.000000e+00	0.000000e+00 0.000000e+00 0.000000e+00	0.000000e+00 0.000000e+00 0.000000e+00	0.000000e+00 0.000000e+00 0.000000e+00	0.000000e+00 0.000000e+00 0.000000e+00
0.000000e+00 0.000000e+00 0.000000e+00	0.000000e+00 0.000000e+00 0.000000e+00	0.000000e+00 0.000000e+00 0.000000e+00	0.000000e+00 0.000000e+00 0.000000e+00	0.000000e+00 0.000000e+00 0.000000e+00	2.222145e+00 2.412540e+00 2.769024e+00	8.100720e+00 8.790535e+00 1.009787e+01	9.656482e+00 1.047797e+01 1.201648e+01	1.117839e+01 1.212519e+01 1.387722e+01	1.171730e+01 1.270315e+01 1.450524e+01	1.210526e+01 1.313629e+01 1.499878e+01	1.355124e+01 1.473613e+01 1.688816e+01	1.590953e+01 1.734096e+01 1.990565e+01	2.048267e+01 2.221509e+01 2.545153e+01	1.408040e+00 1.563368e+00 1.848912e+00	1.845006e+00 2.026340e+00 2.371485e+00	5.999132e+00 6.500703e+00 7.508259e+00	5.222048e+00 5.663975e+00 6.540526e+00	4.289503e+00 4.634155e+00 5.339221e+00	1.580112e+00 1.720822e+00 1.998583e+00	1.351893e+00 1.460187e+00 1.682327e+00	0.000000e+00 0.000000e+00 0.000000e+00	0.000000e+00 0.000000e+00 0.000000e+00	0.000000e+00 0.000000e+00 0.000000e+00	0.000000e+00 0.000000e+00 0.000000e+00	0.000000e+00 0.000000e+00 0.000000e+00	0.000000e+00 0.000000e+00 0.000000e+00	0.000000e+00 0.000000e+00 0.000000e+00	0.000000e+00 0.000000e+00 0.000000e+00
0.000000e+00 0.000000e+00 0.000000e+00	0.000000e+00 0.000000e+00 0.000000e+00	0.000000e+00 0.000000e+00 0.000000e+00	0.000000e+00 0.000000e+00 0.000000e+00	0.000000e+00 0.000000e+00 0.000000e+00	3.106685e+00 3.331335e+00 3.782607e+00	9.905599e+00 1.064716e+01 1.211601e+01	1.271987e+01 1.364855e+01 1.549798e+01	1.510822e+01 1.619861e+01 1.835869e+01	1.594919e+01 1.709221e+01 1.933223e+01	1.693432e+01 1.815259e+01 2.051909e+01	2.080227e+01 2.225706e+01 2.510470e+01	3.162673e+01 3.337752e+01 3.678445e+01	3.969188e+01 4.182335e+01 4.615262e+01	2.098037e+00 2.284164e+00 2.650993e+00	2.895645e+00 3.121720e+00 3.588759e+00	9.124172e+00 9.753111e+00 1.110833e+01	7.942289e+00 8.497756e+00 9.676585e+00	6.523994e+00 6.952705e+00 7.899266e+00	2.771733e+00 2.964082e+00 3.379854e+00	1.842381e+00 1.967877e+00 2.241218e+00	0.000000e+00 0.000000e+00 0.000000e+00	0.000000e+00 0.000000e+00 0.000000e+00	0.000000e+00 0.000000e+00 0.000000e+00	0.000000e+00 0.000000e+00 0.000000e+00	0.000000e+00 0.000000e+00 0.000000e+00	0.000000e+00 0.000000e+00 0.000000e+00	0.000000e+00 0.000000e+00 0.000000e+00	0.000000e+00 0.000000e+00 0.000000e+00
0.000000e+00 0.000000e+00 0.000000e+00	0.000000e+00 0.000000e+00 0.000000e+00	0.000000e+00 0.000000e+00 0.000000e+00	0.000000e+00 0.000000e+00 0.000000e+00	0.000000e+00 0.000000e+00 0.000000e+00	3.629412e+00 3.867721e+00 4.369860e+00	9.295323e+00 9.966418e+00 1.131921e+01	1.360273e+01 1.452438e+01 1.643108e+01	1.687651e+01 1.799695e+01 2.031257e+01	1.801645e+01 1.920154e+01 2.163426e+01	2.081459e+01 2.210931e+01 2.473717e+01	3.559092e+01 3.720211e+01 4.049310e+01	6.269609e+01 6.460459e+01 6.838741e+01	4.120866e+01 4.335702e+01 4.792030e+01	3.073485e+00 3.292778e+00 3.761828e+00	4.223951e+00 4.499193e+00 5.110168e+00	1.085991e+01 1.154435e+01 1.307240e+01	9.453192e+00 1.005844e+01 1.138751e+01	7.765097e+00 8.229630e+00 9.295938e+00	4.110740e+00 4.358101e+00 4.924412e+00	1.815306e+00 1.933511e+00 2.196253e+00	0.000000e+00 0.000000e+00 0.000000e+00	0.000000e+00 0.000000e+00 0.000000e+00	0.000000e+00 0.000000e+00 0.000000e+00	0.000000e+00 0.000000e+00 0.000000e+00	0.000000e+00 0.000000e+00 0.000000e+00	0.000000e+00 0.000000e+00 0.000000e+00	0.000000e+00 0.000000e+00 0.000000e+00	0.000000e+00 0.000000e+00 0.000000e+00
0.000000e+00 0.000000e+00 0.000000e+00	0.000000e+00 0.000000e+00 0.000000e+00	0.000000e+00 0.000000e+00 0.000000e+00	0.000000e+00 0.000000e+00 0.000000e+00	0.000000e+00 0.000000e+00 0.000000e+00	1.336584e+00 1.489018e+00 1.749757e+00	5.736769e+00 6.363123e+00 7.468208e+00	6.296851e+00 6.995626e+00 8.203245e+00	7.095313e+00 7.883989e+00 9.226877e+00	7.432290e+00 8.255313e+00 9.636078e+00	7.575418e+00 8.430800e+00 9.851631e+00	8.296178e+00 9.276189e+00 1.090200e+01	9.990873e+00 1.122131e+01 1.319577e+01	1.313686e+01 1.472540e+01 1.732819e+01	7.786976e-01 8.914838e-01 1.083827e+00	9.282332e-01 1.055465e+00 1.275953e+00	3.276034e+00 3.661029e+00 4.358048e+00	2.851687e+00 3.189801e+00 3.796341e+00	2.342395e+00 2.609827e+00 3.099080e+00	7.783428e-01 8.810381e-01 1.061801e+00	7.743750e-01 8.591459e-01 1.016665e+00	0.000000e+00 0.000000e+00 0.000000e+00	0.000000e+00 0.000000e+00 0.000000e+00	0.000000e+00 0.000000e+00 0.000000e+00	0.000000e+00 0.000000e+00 0.000000e+00	0.000000e+00 0.000000e+00 0.000000e+00	0.000000e+00 0.000000e+00 0.000000e+00	0.000000e+00 0.000000e+00 0.000000e+00	0.000000e+00 0.000000e+00 0.000000e+00
0.000000e+00 0.000000e+00 0.000000e+00	0.000000e+00 0.000000e+00 0.000000e+00	0.000000e+00 0.000000e+00 0.000000e+00	0.000000e+00 0.000000e+00 0.000000e+00	0.000000e+00 0.000000e+00 0.000000e+00	1.631328e+00 1.796636e+00 2.089256e+00	6.503160e+00 7.145272e+00 8.308547e+00	7.435316e+00 8.174597e+00 9.492114e+00	8.503573e+00 9.348306e+00 1.083275e+01	8.939137e+00 9.822433e+00 1.135359e+01	9.205940e+00 1.013173e+01 1.171782e+01	1.027593e+01 1.135026e+01 1.319111e+01	1.247818e+01 1.383014e+01 1.608072e+01	1.725549e+01 1.901233e+01 2.200067e+01	9.066866e-01 1.028643e+00 1.240821e+00	1.146922e+00 1.287279e+00 1.537923e+00	4.155523e+00 4.579451e+00 5.378848e+00	3.617250e+00 3.990011e+00 4.685572e+00	2.971267e+00 3.264548e+00 3.824977e+00	1.035650e+00 1.152497e+00 1.366981e+00	9.562689e-01 1.047563e+00 1.224360e+00	0.000000e+00 0.000000e+00 0.000000e+00	0.000000e+00 0.000000e+00 0.000000e+00	0.000000e+00 0.000000e+00 0.000000e+00	0.000000e+00 0.000000e+00 0.000000e+00	0.000000e+00 0.000000e+00 0.000000e+00	0.000000e+00 0.000000e+00 0.000000e+00	0.000000e+00 0.000000e+00 0.000000e+00	0.000000e+00 0.000000e+00 0.000000e+00
0.000000e+00 0.000000e+00 0.000000e+00	0.000000e+00 0.000000e+00 0.000000e+00	0.000000e+00 0.000000e+00 0.000000e+00	0.000000e+00 0.000000e+00 0.000000e+00	0.000000e+00 0.000000e+00 0.000000e+00	2.180059e+00 2.367533e+00 2.718121e+00	7.961648e+00 8.644562e+00 9.934603e+00	9.541388e+00 1.035686e+01 1.188276e+01	1.109813e+01 1.204214e+01 1.378860e+01	1.171687e+01 1.270748e+01 1.451846e+01	1.227219e+01 1.332377e+01 1.522316e+01	1.417519e+01 1.542645e+01 1.768505e+01	1.743497e+01 1.902203e+01 2.182057e+01	2.945806e+01 3.148322e+01 3.515041e+01	1.182381e+00 1.319444e+00 1.567834e+00	1.627091e+00 1.790799e+00 2.100169e+00	5.919851e+00 6.416463e+00 7.412937e+00	5.153037e+00 5.590578e+00 6.457490e+00	4.232815e+00 4.574103e+00 5.271437e+00	1.589644e+00 1.732231e+00 2.013003e+00	1.299060e+00 1.402597e+00 1.615269e+00	0.000000e+00 0.000000e+00 0.000000e+00	0.000000e+00 0.000000e+00 0.000000e+00	0.000000e+00 0.000000e+00 0.000000e+00	0.000000e+00 0.000000e+00 0.000000e+00	0.000000e+00 0.000000e+00 0.000000e+00	0.000000e+00 0.000000e+00 0.000000e+00	0.000000e+00 0.000000e+00 0.000000e+00	0.000000e+00 0.000000e+00 0.000000e+00
0.000000e+00 0.000000e+00 0.000000e+00	0.000000e+00 0.000000e+00 0.000000e+00	0.000000e+00 0.000000e+00 0.000000e+00	0.000000e+00 0.000000e+00 0.000000e+00	0.000000e+00 0.000000e+00 0.000000e+00	3.073327e+00 3.295249e+00 3.741483e+00	9.833873e+00 1.057077e+01 1.203053e+01	1.265413e+01 1.357849e+01 1.542046e+01	1.506895e+01 1.615717e+01 1.831555e+01	1.597794e+01 1.712547e+01 1.937648e+01	1.712167e+01 1.835872e+01 2.076272e+01	2.220740e+01 2.372704e+01 2.668173e+01	4.142882e+01 4.334546e+01 4.696623e+01	4.383722e+01 4.620798e+01 5.088707e+01	1.828730e+00 1.994144e+00 2.317980e+00	2.694237e+00 2.903794e+00 3.336956e+00	9.085696e+00 9.711654e+00 1.106049e+01	7.908797e+00 8.461636e+00 9.634912e+00	6.496482e+00 6.923151e+00 7.865247e+00	2.775265e+00 2.968925e+00 3.386464e+00	1.815961e+00 1.938397e+00 2.206089e+00	0.000000e+00 0.000000e+00 0.000000e+00	0.000000e+00 0.000000e+00 0.000000e+00	0.000000e+00 0.000000e+00 0.000000e+00	0.000000e+00 0.000000e+00 0.000000e+00	0.000000e+00 0.000000e+00 0.000000e+00	0.000000e+00 0.000000e+00 0.000000e+00	0.000000e+00 0.000000e+00 0.000000e+00	0.000000e+00 0.000000e+00 0.000000e+00
0.000000e+00 0.000000e+00 0.000000e+00	0.000000e+00 0.000000e+00 0.000000e+00	0.000000e+00 0.000000e+00 0.000000e+00	0.000000e+00 0.000000e+00 0.000000e+00	0.000000e+00 0.000000e+00 0.000000e+00	3.609714e+00 3.846161e+00 4.344927e+00	9.256029e+00 9.923701e+00 1.127010e+01	1.356455e+01 1.448312e+01 1.638421e+01	1.685248e+01 1.797165e+01 2.028538e+01	1.802979e+01 1.921825e+01 2.165721e+01	2.100788e+01 2.231563e+01 2.496603e+01	3.667164e+01 3.833006e+01 4.169012e+01	6.493903e+01 6.697095e+01 7.090694e+01	4.246644e+01 4.475816e+01 4.951487e+01	2.938173e+00 3.145547e+00 3.591144e+00	4.126374e+00 4.391758e+00 4.984117e+00	1.082529e+01 1.150549e+01 1.302606e+01	9.423059e+00 1.002458e+01 1.134715e+01	7.740345e+00 8.201929e+00 9.262989e+00	4.109118e+00 4.356857e+00 4.923519e+00	1.797824e+00 1.913507e+00 2.171884e+00	0.000000e+00 0.000000e+00 0.000000e+00	0.000000e+00 0.000000e+00 0.000000e+00	0.000000e+00 0.000000e+00 0.000000e+00	0.000000e+00 0.000000e+00 0.000000e+00	0.000000e+00 0.000000e+00 0.000000e+00	0.000000e+00 0.000000e+00 0.000000e+00	0.000000e+00 0.000000e+00 0.000000e+00	0.000000e+00 0.000000e+00 0.000000e+00
0.000000e+00 0.000000e+00 0.000000e+00	0.000000e+00 0.000000e+00 0.000000e+00	0.000000e+00 0.000000e+00 0.000000e+00	0.000000e+00 0.000000e+00 0.000000e+00	0.000000e+00 0.000000e+00 0.000000e+00	1.225172e+00 1.369681e+00 1.614519e+00	5.303518e+00 5.903698e+00 6.952538e+00	5.825318e+00 6.494431e+00 7.640280e+00	6.591508e+00 7.348754e+00 8.627641e+00	6.965931e+00 7.762563e+00 9.089315e+00	7.218060e+00 8.058989e+00 9.446830e+00	8.178673e+00 9.171524e+00 1.080840e+01	1.026846e+01 1.155666e+01 1.360184e+01	1.577343e+01 1.761502e+01 2.054469e+01	6.691700e-01 7.693477e-01 9.387174e-01	7.714573e-01 8.829213e-01 1.073607e+00	2.995777e+00 3.361316e+00 4.016685e+00	2.607733e+00 2.928665e+00 3.498976e+00	2.142004e+00 2.396171e+00 2.856333e+00	7.759075e-01 8.792651e-01 1.060675e+00	6.387436e-01 7.133956e-01 8.493776e-01	0.000000e+00 0.000000e+00 0.000000e+00	0.000000e+00 0.000000e+00 0.000000e+00	0.000000e+00 0.000000e+00 0.000000e+00	0.000000e+00 0.000000e+00 0.000000e+00	0.000000e+00 0.000000e+00 0.000000e+00	0.000000e+00 0.000000e+00 0.000000e+00	0.000000e+00 0.000000e+00 0.000000e+00	0.000000e+00 0.000000e+00 0.000000e+00
0.000000e+00 0.000000e+00 0.000000e+00	0.000000e+00 0.000000e+00 0.000000e+00	0.000000e+00 0.000000e+00 0.000000e+00	0.000000e+00 0.000000e+00 0.000000e+00	0.000000e+00 0.000000e+00 0.000000e+00	1.469791e+00 1.624347e+00 1.894875e+00	5.946630e+00 6.555861e+00 7.648354e+00	6.788648e+00 7.488528e+00 8.723763e+00	7.794812e+00 8.596686e+00 9.993691e+00	8.273368e+00 9.120522e+00 1.057642e+01	8.671947e+00 9.574690e+00 1.111054e+01	1.006720e+01 1.115515e+01 1.299919e+01	1.303139e+01 1.448265e+01 1.684392e+01	2.274151e+01 2.476013e+01 2.807185e+01	7.432750e-01 8.495973e-01 1.031674e+00	9.147418e-01 1.035367e+00 1.246573e+00	3.741824e+00 4.137985e+00 4.876986e+00	3.257140e+00 3.605367e+00 4.248394e+00	2.675457e+00 2.949838e+00 3.468098e+00	9.966782e-01 1.111880e+00 1.321777e+00	7.864858e-01 8.658956e-01 1.016824e+00	0.000000e+00 0.000000e+00 0.000000e+00	0.000000e+00 0.000000e+00 0.000000e+00	0.000000e+00 0.000000e+00 0.000000e+00	0.000000e+00 0.000000e+00 0.000000e+00	0.000000e+00 0.000000e+00 0.000000e+00	0.000000e+00 0.000000e+00 0.000000e+00	0.000000e+00 0.000000e+00 0.000000e+00	0.000000e+00 0.000000e+00 0.000000e+00
0.000000e+00 0.000000e+00 0.000000e+00	0.000000e+00 0.000000e+00 0.000000e+00	0.000000e+00 0.000000e+00 0.000000e+00	0.000000e+00 0.000000e+00 0.000000e+00	0.000000e+00 0.000000e+00 0.000000e+00	1.956544e+00 2.132699e+00 2.457175e+00	7.237988e+00 7.893414e+00 9.110068e+00	8.688770e+00 9.467031e+00 1.090322e+01	1.015643e+01 1.105885e+01 1.270836e+01	1.082077e+01 1.177707e+01 1.350366e+01	1.151233e+01 1.254287e+01 1.438348e+01	1.403723e+01 1.530797e+01 1.756422e+01	2.111145e+01 2.284087e+01 2.577338e+01	3.287733e+01 3.518344e+01 3.918512e+01	8.973218e-01 1.013632e+00 1.217923e+00	1.246097e+00 1.384765e+00 1.638800e+00	5.330592e+00 5.797858e+00 6.721845e+00	4.640107e+00 5.051595e+00 5.855472e+00	3.811475e+00 4.133116e+00 4.779995e+00	1.476522e+00 1.615043e+00 1.883631e+00	1.101396e+00 1.193832e+00 1.380230e+00	0.000000e+00 0.000000e+00 0.000000e+00	0.000000e+00 0.000000e+00 0.000000e+00	0.000000e+00 0.000000e+00 0.000000e+00	0.000000e+00 0.000000e+00 0.000000e+00	0.000000e+00 0.000000e+00 0.000000e+00	0.000000e+00 0.000000e+00 0.000000e+00	0.000000e+00 0.000000e+00 0.000000e+00	0.000000e+00 0.000000e+00 0.000000e+00
0.000000e+00 0.000000e+00 0.000000e+00	0.000000e+00 0.000000e+00 0.000000e+00	0.000000e+00 0.000000e+00 0.000000e+00	0.000000e+00 0.000000e+00 0.000000e+00	0.000000e+00 0.000000e+00 0.000000e+00	2.801180e+00 3.009588e+00 3.424445e+00	9.042049e+00 9.747767e+00 1.112529e+01	1.170381e+01 1.258662e+01 1.432828e+01	1.400902e+01 1.505138e+01 1.710225e+01	1.495196e+01 1.606061e+01 1.821597e+01	1.623876e+01 1.744942e+01 1.978049e+01	2.197282e+01 2.350917e+01 2.644684e+01	4.348162e+01 4.554995e+01 4.930344e+01	4.602044e+01 4.863825e+01 5.359982e+01	1.254787e+00 1.386129e+00 1.631108e+00	2.078550e+00 2.252985e+00 2.603538e+00	8.399327e+00 8.991673e+00 1.025703e+01	7.311337e+00 7.834325e+00 8.935015e+00	6.005707e+00 6.409897e+00 7.293904e+00	2.568212e+00 2.753301e+00 3.147404e+00	1.642392e+00 1.755233e+00 2.000151e+00	0.000000e+00 0.000000e+00 0.000000e+00	0.000000e+00 0.000000e+00 0.000000e+00	0.000000e+00 0.000000e+00 0.000000e+00	0.000000e+00 0.000000e+00 0.000000e+00	0.000000e+00 0.000000e+00 0.000000e+00	0.000000e+00 0.000000e+00 0.000000e+00	0.000000e+00 0.000000e+00 0.000000e+00	0.000000e+00 0.000000e+00 0.000000e+00
0.000000e+00 0.000000e+00 0.000000e+00	0.000000e+00 0.000000e+00 0.000000e+00	0.000000e+00 0.000000e+00 0.000000e+00	0.000000e+00 0.000000e+00 0.000000e+00	0.000000e+00 0.000000e+00 0.000000e+00	3.486133e+00 3.715425e+00 4.199561e+00	8.999756e+00 9.657059e+00 1.098020e+01	1.320831e+01 1.410987e+01 1.597586e+01	1.643315e+01 1.753299e+01 1.980883e+01	1.761126e+01 1.878429e+01 2.119353e+01	2.068349e+01 2.198465e+01 2.462174e+01	3.685856e+01 3.854699e+01 4.194151e+01	6.617260e+01 6.834596e+01 7.244089e+01	4.457474e+01 4.711405e+01 5.216898e+01	2.399816e+00 2.575162e+00 2.947467e+00	3.747739e+00 3.989031e+00 4.527453e+00	1.060326e+01 1.127065e+01 1.276180e+01	9.229780e+00 9.819966e+00 1.111694e+01	7.581579e+00 8.034513e+00 9.075067e+00	4.022370e+00 4.266663e+00 4.823642e+00	1.752458e+00 1.864427e+00 2.115281e+00	0.000000e+00 0.000000e+00 0.000000e+00	0.000000e+00 0.000000e+00 0.000000e+00	0.000000e+00 0.000000e+00 0.000000e+00	0.000000e+00 0.000000e+00 0.000000e+00	0.000000e+00 0.000000e+00 0.000000e+00	0.000000e+00 0.000000e+00 0.000000e+00	0.000000e+00 0.000000e+00 0.000000e+00	0.000000e+00 0.000000e+00 0.000000e+00
